0 0.87593 0.511908 0.0927803 0.377109 0.83815
0 0.619214 0.684282 0.160128 0.474133 0.828898
2 0.0801195 0.574248 0.152669 0.0841162 0.808871
0 0.745708 0.734967 0.133627 0.465731 0.768126
0 0.547095 0.632554 0.149634 0.565984 0.649151
2 0.94482 0.587446 0.109512 0.164337 0.64154
0 0.437229 0.555051 0.202789 0.58305 0.551517
0 0.314283 0.452851 0.181834 0.720877 0.505618
0 0.368502 0.466931 0.293627 0.742432 0.468822
0 0.624189 0.441948 0.069981 0.198456 0.459147
29 0.421859 0.161814 0.0546072 0.0843138 0.458277
0 0.796025 0.515432 0.100688 0.281414 0.407673
0 0.413012 0.50836 0.255105 0.673784 0.262941
