0 0.228158 0.469606 0.0345263 0.0891193 0.628391
0 0.547757 0.505853 0.021961 0.0929579 0.480926
0 0.442694 0.465605 0.0248435 0.0844589 0.457652
0 0.116992 0.417666 0.0214626 0.0749439 0.412034
0 0.625724 0.312647 0.0203109 0.0669282 0.401355
0 0.505301 0.38009 0.0198872 0.0823439 0.379329
0 0.0672374 0.318665 0.0212952 0.085771 0.356239
0 0.427051 0.30588 0.0206422 0.0711683 0.320897
0 0.754583 0.436436 0.0231254 0.0771113 0.310222
0 0.438491 0.407556 0.0198876 0.0550567 0.305525
0 0.22679 0.467759 0.0253137 0.0826281 0.297906
0 0.436714 0.4656 0.0378558 0.0861679 0.280925
0 0.828836 0.633081 0.0387676 0.113221 0.276862
0 0.906939 0.140805 0.0270302 0.0587905 0.268018
