0 0.137956 0.40083 0.0343294 0.077133 0.612868
0 0.5878 0.464326 0.0243697 0.0761369 0.517825
0 0.629716 0.28001 0.0189236 0.0615608 0.50998
0 0.254801 0.459427 0.026891 0.0917196 0.509715
0 0.0969219 0.309048 0.0243752 0.0798538 0.435329
0 0.807762 0.448731 0.0276227 0.0839746 0.404094
0 0.451989 0.306758 0.0220284 0.0713184 0.361858
0 0.479723 0.458872 0.0234314 0.0696129 0.341932
0 0.140208 0.397515 0.0247209 0.0794824 0.335656
0 0.467144 0.428367 0.0174348 0.0466789 0.298635
0 0.372419 0.369897 0.0203464 0.0798096 0.296678
0 0.556147 0.363645 0.0200688 0.0642103 0.261745
