0 0.493382 0.438006 0.0198965 0.0684568 0.550835
0 0.555678 0.389911 0.0196399 0.0706338 0.520287
0 0.754736 0.568156 0.0254132 0.0767857 0.480677
0 0.732282 0.619237 0.0196558 0.0758705 0.47147
0 0.697766 0.539104 0.0245474 0.0806404 0.368066
0 0.796538 0.518465 0.0196065 0.079257 0.351687
0 0.318738 0.419067 0.02009 0.0560931 0.322612
0 0.847275 0.756334 0.0299076 0.105437 0.308004
0 0.617109 0.475305 0.0229087 0.0727486 0.294901
0 0.756401 0.578668 0.0194653 0.0848497 0.262716
0 0.711305 0.409104 0.0213877 0.065184 0.250497
