0 0.173402 0.43245 0.0189827 0.0661023 0.676798
0 0.566104 0.552458 0.0175447 0.0858352 0.661534
0 0.609617 0.454577 0.0195086 0.0589203 0.658022
0 0.2775 0.972255 0.0309873 0.0544344 0.645381
0 0.622805 0.558196 0.0188118 0.0785051 0.60904
0 0.775043 0.482623 0.0206478 0.0754021 0.604855
0 0.236094 0.965839 0.0376281 0.0672277 0.548978
0 0.473423 0.507125 0.0201704 0.0852329 0.547148
0 0.921065 0.560643 0.0246897 0.0914987 0.52081
0 0.704481 0.401168 0.0150824 0.0521307 0.505016
0 0.676072 0.394173 0.0176486 0.0569019 0.455895
0 0.802163 0.447385 0.0167103 0.0744192 0.452319
0 0.59308 0.432719 0.0197627 0.0660368 0.445333
0 0.542272 0.450887 0.0175384 0.0598486 0.43121
62 0.296365 0.183176 0.107171 0.108702 0.397329
0 0.876182 0.52416 0.0199078 0.093571 0.391179
0 0.344182 0.655914 0.0199317 0.0956991 0.333725
0 0.520536 0.411468 0.0153716 0.059758 0.259422
