0 0.475858 0.477627 0.02177 0.0668936 0.610402
0 0.600717 0.4155 0.0173994 0.0652401 0.489685
0 0.489349 0.390385 0.0193312 0.0569266 0.475939
0 0.584144 0.422388 0.0181969 0.047852 0.408567
0 0.605492 0.537946 0.0190216 0.0769028 0.386822
0 0.637152 0.373295 0.0181433 0.0494469 0.383645
39 0.169057 0.674212 0.0261782 0.104404 0.343873
0 0.853895 0.49836 0.0218996 0.0923693 0.325685
0 0.883796 0.543835 0.0287434 0.12486 0.307092
0 0.541447 0.534949 0.0230152 0.0807245 0.286883
0 0.792368 0.431078 0.0191309 0.0726332 0.265954
