0 0.696618 0.562977 0.0227678 0.0783307 0.785969
0 0.391438 0.671786 0.023138 0.0961826 0.695354
0 0.581395 0.503322 0.0178881 0.0607207 0.693841
0 0.551518 0.967161 0.0297699 0.0651707 0.688227
0 0.310438 0.567855 0.0194333 0.0641642 0.685354
0 0.216913 0.468635 0.0167377 0.0593341 0.6057
0 0.253414 0.484013 0.0176565 0.0555861 0.589243
0 0.55854 0.484344 0.0206465 0.0657605 0.572648
0 0.0488899 0.430388 0.018898 0.0591436 0.568354
0 0.384842 0.972891 0.02832 0.0530998 0.565832
0 0.280143 0.457278 0.0211929 0.0574555 0.52628
0 0.266708 0.556097 0.0196023 0.0617226 0.518591
0 0.713288 0.403099 0.0171449 0.0436377 0.501897
0 0.462723 0.520877 0.0228048 0.0662922 0.494934
0 0.239163 0.406316 0.0198444 0.0735773 0.4256
0 0.919003 0.47981 0.0238617 0.0570028 0.385474
0 0.0578879 0.866966 0.0529425 0.129493 0.36479
0 0.841307 0.578816 0.0317131 0.0893079 0.321957
