0 0.620432 0.456221 0.0190311 0.0505073 0.591325
0 0.628937 0.561333 0.0164234 0.0769456 0.566313
0 0.932675 0.567849 0.0206303 0.0886389 0.54232
0 0.574819 0.554536 0.0214331 0.07889 0.465957
0 0.602335 0.430801 0.019424 0.0617687 0.433684
0 0.551849 0.368171 0.0144232 0.0334304 0.420159
0 0.25094 0.962022 0.0342477 0.0751839 0.403331
0 0.234755 0.700483 0.0261581 0.103527 0.370571
0 0.542503 0.452568 0.0147149 0.0497377 0.325267
0 0.374924 0.367038 0.0186221 0.0401835 0.323664
0 0.809735 0.452348 0.0164635 0.0671633 0.294424
0 0.292839 0.96883 0.0294367 0.0615593 0.283783
0 0.718323 0.409016 0.0145166 0.0553863 0.283321
0 0.889089 0.518795 0.0180439 0.0778076 0.26667
