0 0.460145 0.555228 0.0216749 0.0738877 0.686145
0 0.539565 0.533717 0.0216019 0.067803 0.685245
0 0.663758 0.679186 0.0221173 0.0981396 0.645851
0 0.959797 0.526563 0.0195583 0.0753094 0.638854
0 0.0662348 0.604787 0.0221274 0.094058 0.625613
0 0.840948 0.536855 0.0169529 0.0684053 0.618725
0 0.428614 0.485793 0.0204428 0.0637941 0.597541
0 0.229133 0.499685 0.0250431 0.0735102 0.570286
0 0.342219 0.687511 0.0260418 0.0962337 0.559687
0 0.734776 0.539818 0.0191515 0.0740316 0.538245
0 0.349706 0.522331 0.0203504 0.0660469 0.488583
0 0.496916 0.477858 0.0178745 0.0674255 0.478394
74 0.141262 0.0544002 0.0710969 0.106823 0.42179
0 0.347543 0.457301 0.0193398 0.0349699 0.380862
0 0.388472 0.434993 0.0147459 0.0547231 0.377013
0 0.283967 0.779557 0.0248484 0.103468 0.360435
0 0.331426 0.450982 0.0170388 0.0586683 0.31031
