0 0.770299 0.47427 0.0196346 0.0727121 0.595075
0 0.195539 0.687951 0.0249034 0.11078 0.555513
0 0.863421 0.499959 0.0204975 0.0811743 0.519159
0 0.552422 0.54366 0.0199273 0.0786556 0.466507
0 0.614128 0.54835 0.0197691 0.075632 0.443627
0 0.601382 0.435444 0.0203596 0.0575661 0.436321
0 0.902395 0.544729 0.0211275 0.0813447 0.425737
0 0.474995 0.492308 0.0193303 0.0713434 0.423165
0 0.642977 0.382739 0.0135591 0.0516288 0.38334
0 0.597849 0.429866 0.0260059 0.0707024 0.377066
0 0.670177 0.387396 0.0156704 0.0491963 0.35445
0 0.55678 0.437306 0.018014 0.0547003 0.343507
0 0.505043 0.400261 0.0159222 0.064914 0.325853
0 0.794466 0.442718 0.0179017 0.0858092 0.315322
0 0.20755 0.97684 0.0347374 0.0452862 0.295645
0 0.59313 0.426067 0.0191 0.074963 0.271404
