0 0.218756 0.432237 0.0201529 0.0664215 0.718102
0 0.641616 0.560692 0.0195554 0.0744043 0.657283
0 0.275959 0.952253 0.0352742 0.0945396 0.650759
0 0.590235 0.553594 0.0177497 0.0856484 0.648473
0 0.948128 0.573102 0.0227108 0.0835909 0.607324
0 0.632959 0.466761 0.0204898 0.0612747 0.528837
0 0.784974 0.499417 0.0232038 0.0904921 0.513355
0 0.78735 0.485093 0.0177011 0.0610758 0.513333
0 0.818621 0.461929 0.0205341 0.0836308 0.511319
0 0.592925 0.370924 0.015756 0.0399722 0.500985
0 0.738106 0.410643 0.016 0.0557816 0.495666
0 0.480102 0.508105 0.0161285 0.067425 0.453715
0 0.615534 0.433523 0.0192358 0.0630941 0.439001
0 0.547595 0.427883 0.0223263 0.0950307 0.432232
0 0.899129 0.531991 0.0200191 0.0990932 0.351085
0 0.544775 0.45359 0.0181252 0.0532154 0.331087
0 0.712821 0.398002 0.0160769 0.0522951 0.316619
0 0.316796 0.95956 0.029006 0.0800274 0.294915
