0 0.262405 0.428795 0.0198473 0.0664772 0.617139
0 0.490457 0.504854 0.0174299 0.0710644 0.615195
0 0.357668 0.943816 0.0292732 0.111118 0.603963
0 0.667045 0.454039 0.0174402 0.0563775 0.601758
0 0.61978 0.542002 0.0172079 0.0826023 0.570411
0 0.665394 0.555606 0.0189291 0.0776617 0.565192
0 0.321415 0.94088 0.0292452 0.11716 0.563144
0 0.979925 0.578626 0.0214842 0.0947354 0.543903
0 0.581871 0.40776 0.0156979 0.0602267 0.510752
0 0.804405 0.483268 0.0165354 0.0726937 0.495596
0 0.650284 0.428962 0.0194944 0.0612041 0.464355
0 0.845194 0.453328 0.017819 0.0699843 0.444541
0 0.556327 0.451058 0.0200636 0.0564314 0.408565
0 0.746908 0.387037 0.0159518 0.0637463 0.358571
0 0.775692 0.404972 0.0167955 0.0496234 0.341004
0 0.0241426 0.965284 0.0349974 0.0684887 0.315748
0 0.984092 0.577278 0.0304644 0.0951875 0.294615
0 0.29421 0.695032 0.0228555 0.114674 0.291806
