0 0.600927 0.43041 0.0214531 0.0808863 0.686623
0 0.124472 0.42329 0.0184896 0.0769302 0.637952
0 0.549495 0.541041 0.0189398 0.0836216 0.637437
0 0.195707 0.976485 0.0389937 0.046212 0.550419
0 0.498917 0.393789 0.0186036 0.0640776 0.537774
0 0.612909 0.546278 0.0188093 0.0855537 0.523057
0 0.765791 0.468373 0.0186241 0.0745586 0.518632
0 0.794462 0.435505 0.0209778 0.0759718 0.518127
0 0.477836 0.488811 0.016881 0.0776275 0.4887
0 0.630766 0.378547 0.0142879 0.0534493 0.487686
0 0.568616 0.433373 0.0175396 0.056034 0.47368
0 0.896181 0.532422 0.0225523 0.0824632 0.4728
0 0.656071 0.380915 0.0176832 0.0505137 0.460929
0 0.427992 0.360895 0.0168659 0.0452966 0.451517
0 0.859282 0.50598 0.022254 0.094585 0.447763
0 0.313699 0.640048 0.021491 0.10212 0.42834
0 0.237791 0.984272 0.0259448 0.030574 0.40392
0 0.312021 0.547797 0.0214028 0.0721624 0.316481
0 0.185656 0.682955 0.0228257 0.114523 0.27894
