0 0.59902 0.427988 0.0268485 0.0825935 0.702821
0 0.549727 0.545082 0.0191442 0.0915632 0.60747
0 0.898908 0.546408 0.0211178 0.103207 0.573144
0 0.613641 0.547101 0.0208647 0.0818417 0.568371
0 0.794259 0.437135 0.020966 0.0806036 0.560069
0 0.766613 0.466074 0.0172803 0.0728019 0.557102
0 0.128727 0.423305 0.0164845 0.0730231 0.541626
0 0.242134 0.982354 0.0300368 0.0345306 0.533351
0 0.475968 0.485979 0.019751 0.0737396 0.52942
0 0.203662 0.975296 0.0402861 0.0483898 0.510383
0 0.662267 0.390215 0.0204624 0.0645854 0.503341
0 0.564009 0.429583 0.0204618 0.0535532 0.474479
0 0.632659 0.379776 0.0186263 0.0532337 0.398765
0 0.861617 0.502183 0.0206163 0.0834213 0.393679
0 0.317887 0.553578 0.0198142 0.0874337 0.382254
0 0.500569 0.394444 0.0183191 0.0629585 0.380061
0 0.189031 0.6821 0.0208536 0.116201 0.299342
0 0.793252 0.443265 0.0163763 0.0778786 0.275397
0 0.437205 0.360214 0.0194502 0.0438514 0.275092
