0 0.327299 0.453458 0.0218665 0.0674009 0.775943
0 0.524538 0.520011 0.0217014 0.0674763 0.710297
0 0.15628 0.499241 0.0273637 0.0736315 0.687218
0 0.835011 0.525794 0.0230286 0.0640765 0.62592
0 0.257695 0.507497 0.0216576 0.070505 0.606184
0 0.418701 0.546017 0.0252797 0.0802698 0.59057
0 0.352959 0.447307 0.020635 0.056896 0.539935
74 0.115931 0.0234269 0.0732477 0.0468539 0.532522
0 0.667144 0.662276 0.0213575 0.10346 0.511384
0 0.640837 0.467587 0.0179599 0.0609354 0.508225
0 0.746278 0.530645 0.0262966 0.073629 0.4693
0 0.00686407 0.584931 0.0136853 0.0756092 0.396884
0 0.436948 0.470624 0.0219315 0.0710293 0.356561
0 0.286702 0.674014 0.0246854 0.0820352 0.332908
0 0.414102 0.426304 0.0190645 0.0572628 0.322168
0 0.516508 0.457479 0.0165527 0.0733704 0.303206
