0 0.076834 0.617864 0.0203113 0.0883375 0.751562
0 0.52732 0.547781 0.0176151 0.0603155 0.74106
0 0.699277 0.549285 0.0186443 0.0654443 0.735984
0 0.818268 0.54797 0.0251198 0.0637045 0.682079
0 0.631284 0.688904 0.0252901 0.0860576 0.654151
0 0.880175 0.533177 0.0184597 0.0688853 0.614994
0 0.35399 0.698463 0.0225847 0.0894966 0.587666
0 0.2571 0.507964 0.0240489 0.0623938 0.568949
0 0.418675 0.491704 0.0162849 0.0578986 0.537082
0 0.389067 0.518784 0.0231273 0.0617427 0.537037
0 0.461732 0.563868 0.018541 0.0674362 0.50672
0 0.247387 0.787492 0.0260267 0.0802926 0.424918
74 0.120687 0.0916124 0.0657344 0.110615 0.380874
0 0.460942 0.490678 0.0183701 0.059749 0.379489
0 0.308471 0.462166 0.0161401 0.047874 0.366394
0 0.49552 0.477789 0.0155041 0.0471422 0.33806
0 0.354264 0.448664 0.016854 0.0485052 0.309569
62 0.518732 0.604216 0.899216 0.657211 0.299237
