0 0.705449 0.550054 0.0191067 0.0734266 0.712
0 0.0787885 0.615526 0.0232698 0.0887705 0.703674
0 0.891486 0.53725 0.0182198 0.0746972 0.700066
0 0.530979 0.546338 0.0176866 0.0638714 0.674005
0 0.637617 0.68806 0.0246943 0.0892642 0.641806
0 0.354773 0.700131 0.0202225 0.0914132 0.637827
0 0.422035 0.49303 0.0181445 0.0584158 0.634905
0 0.822471 0.54701 0.0214199 0.0635136 0.603158
0 0.256521 0.505867 0.0268847 0.0610702 0.516801
0 0.354002 0.447739 0.0179743 0.0515148 0.482179
0 0.386073 0.521977 0.017982 0.0632441 0.480895
0 0.254774 0.785984 0.0228964 0.0915973 0.453721
0 0.465518 0.563197 0.0195557 0.0696635 0.42832
74 0.126523 0.087977 0.0677748 0.109985 0.423164
0 0.467154 0.489041 0.0150188 0.0588339 0.400088
0 0.507587 0.479448 0.0154003 0.050684 0.353629
0 0.99004 0.471315 0.0193539 0.0524618 0.350067
0 0.313067 0.463324 0.0167681 0.0452719 0.32928
