0 0.172699 0.641675 0.0223782 0.111546 0.645036
0 0.21788 0.5069 0.0221204 0.0881842 0.634143
0 0.715027 0.434372 0.0202951 0.0821368 0.620609
0 0.246153 0.612407 0.0238769 0.109397 0.590146
0 0.911683 0.500936 0.0226452 0.090073 0.58772
0 0.606297 0.400778 0.017016 0.0654314 0.574564
0 0.883653 0.479939 0.0199724 0.101738 0.511524
0 0.843529 0.407943 0.0172062 0.0748909 0.456668
0 0.418717 0.372161 0.0197645 0.0687288 0.441822
0 0.620901 0.521948 0.0206397 0.0964216 0.419669
0 0.539439 0.520381 0.0204664 0.0906233 0.409809
0 0.0739902 0.402788 0.0241687 0.079898 0.396515
0 0.506304 0.444956 0.0171943 0.0742264 0.391035
0 0.644512 0.387065 0.0169198 0.0638346 0.350506
0 0.691177 0.344967 0.016871 0.0491294 0.301593
0 0.33443 0.369891 0.0163128 0.0299244 0.300664
