0 0.587415 0.412839 0.0181879 0.0596417 0.7141
0 0.250586 0.622082 0.0249896 0.100513 0.709098
0 0.218064 0.531327 0.0188832 0.0890479 0.702539
0 0.592037 0.338454 0.0148269 0.0515194 0.699259
0 0.436441 0.378583 0.021741 0.0654063 0.656411
0 0.52487 0.52851 0.0194086 0.0863852 0.602827
0 0.476453 0.462733 0.0207232 0.0790228 0.587234
0 0.140067 0.656966 0.0235491 0.114344 0.5661
0 0.593618 0.526149 0.0215683 0.0868612 0.565645
0 0.723831 0.442177 0.0193678 0.0740226 0.557054
0 0.621134 0.399129 0.0210165 0.0603503 0.533975
0 0.0581206 0.413004 0.0187265 0.0728674 0.507835
0 0.796156 0.415347 0.0182224 0.0752147 0.483653
0 0.868975 0.509054 0.0220478 0.0872259 0.469126
0 0.640131 0.352934 0.0152331 0.0460299 0.381618
0 0.618011 0.392033 0.0251839 0.0668961 0.364112
0 0.316728 0.35112 0.0162799 0.0405103 0.356963
0 0.868715 0.518442 0.026516 0.118455 0.337459
