0 0.603707 0.632235 0.0843523 0.176838 0.891002
0 0.119729 0.603754 0.038373 0.117852 0.821011
0 0.506531 0.583941 0.0291239 0.0905159 0.775816
0 0.29408 0.593205 0.0294466 0.0940037 0.753463
0 0.268724 0.601049 0.0337424 0.110294 0.745189
0 0.919903 0.60195 0.0433041 0.116333 0.74272
0 0.663672 0.582213 0.0309809 0.0975908 0.737653
0 0.894734 0.58215 0.0276243 0.112084 0.714546
0 0.183423 0.600969 0.027335 0.0926958 0.714063
0 0.519359 0.583945 0.0554787 0.0897358 0.711049
0 0.405455 0.597053 0.0392962 0.118618 0.652235
0 0.348356 0.589822 0.0320822 0.111047 0.635848
0 0.990347 0.609786 0.018882 0.180842 0.584888
0 0.377343 0.594521 0.0350248 0.0950506 0.403865
0 0.382538 0.587452 0.0325962 0.0774069 0.306536
32 0.961432 0.61096 0.0151052 0.0216269 0.269352
