32 0.591501 0.917093 0.0843563 0.120267 0.96336
0 0.691459 0.484159 0.25937 0.902378 0.784279
0 0.953485 0.520954 0.0922424 0.703948 0.76728
0 0.406814 0.563329 0.266354 0.807458 0.723295
0 0.174914 0.509204 0.34981 0.952325 0.685242
0 0.668049 0.104225 0.16281 0.208334 0.680499
0 0.808352 0.523935 0.131183 0.668943 0.658175
0 0.319584 0.103902 0.145304 0.207535 0.643057
0 0.480672 0.345559 0.0994673 0.328172 0.565803
0 0.0439345 0.229965 0.0878502 0.254527 0.531211
0 0.261364 0.359053 0.168612 0.461812 0.25665
