32 0.139742 0.837477 0.0818681 0.122036 0.938585
0 0.871921 0.437951 0.148151 0.63216 0.846535
0 0.249897 0.493828 0.338125 0.819949 0.84452
0 0.519464 0.154321 0.082703 0.30739 0.769277
0 0.715371 0.332827 0.103154 0.215295 0.598445
0 0.832368 0.111217 0.0701197 0.22171 0.584816
0 0.926666 0.14575 0.104941 0.2915 0.579925
0 0.0243259 0.176936 0.0486517 0.330079 0.556025
0 0.715324 0.294077 0.10322 0.13749 0.450162
0 0.780334 0.282795 0.0584592 0.15993 0.332901
0 0.393256 0.128333 0.129264 0.256667 0.315317
