32 0.595172 0.812847 0.0973 0.135918 0.941801
0 0.790119 0.44885 0.224936 0.56791 0.910185
0 0.593785 0.5508 0.283854 0.662305 0.867279
0 0.212473 0.508774 0.380956 0.763844 0.854567
0 0.200114 0.255041 0.136296 0.306475 0.610932
0 0.0231919 0.418979 0.046325 0.24137 0.502841
0 0.859648 0.347644 0.0597424 0.0996686 0.417827
0 0.0695608 0.343381 0.0629853 0.123912 0.387211
0 0.474157 0.318358 0.0634792 0.159177 0.343799
0 0.0248082 0.222333 0.0493385 0.250012 0.319086
0 0.971079 0.336628 0.0525295 0.109744 0.318717
0 0.926448 0.344117 0.0627863 0.0957383 0.292335
