0 0.607737 0.548442 0.117178 0.290999 0.871428
0 0.860859 0.509248 0.0894859 0.210845 0.855631
0 0.946665 0.499799 0.0696751 0.198209 0.852849
0 0.0759343 0.508486 0.0816241 0.339149 0.829361
0 0.487338 0.532948 0.116131 0.286175 0.821281
0 0.215291 0.497781 0.126098 0.289674 0.771245
0 0.292134 0.491039 0.0775057 0.304635 0.728037
0 0.357139 0.518905 0.126102 0.274795 0.652708
0 0.381884 0.521288 0.0746064 0.278866 0.463498
32 0.665848 0.532966 0.0220997 0.0374053 0.46164
0 0.449957 0.512895 0.0609827 0.273804 0.311391
0 0.533313 0.485091 0.0338135 0.123501 0.308015
0 0.337084 0.5255 0.0937736 0.260655 0.301796
0 0.674728 0.466216 0.0252431 0.0704195 0.296196
