0 0.464949 0.580647 0.0198973 0.0685072 0.77046
0 0.19786 0.494817 0.0164383 0.0591769 0.577458
0 0.404929 0.447162 0.0140231 0.0499727 0.544889
0 0.473966 0.975306 0.0303465 0.0484482 0.536302
0 0.464801 0.400377 0.0141025 0.0364245 0.4633
0 0.387706 0.501302 0.0221419 0.0798004 0.433626
0 0.687955 0.510727 0.0224449 0.0532688 0.420369
0 0.588689 0.456074 0.0160645 0.0506016 0.41033
0 0.61742 0.471185 0.0148007 0.0542053 0.409975
0 0.691581 0.436248 0.0184352 0.0493717 0.408096
0 0.837489 0.527332 0.0173748 0.0632812 0.399564
0 0.798931 0.712704 0.0205328 0.0854806 0.368554
0 0.385798 0.48346 0.0183816 0.0439274 0.34597
0 0.687457 0.436798 0.0168041 0.049259 0.305065
