0 0.609575 0.516497 0.0159952 0.0529757 0.455228
0 0.283823 0.548287 0.0156873 0.0545147 0.419543
0 0.678866 0.979278 0.0215726 0.0402449 0.398455
0 0.640606 0.510355 0.0166233 0.0559523 0.386138
0 0.691362 0.68279 0.0191852 0.0632048 0.379986
0 0.385707 0.447536 0.0175282 0.0492583 0.355407
0 0.137897 0.475318 0.0156575 0.0468657 0.314917
0 0.317798 0.506322 0.0151621 0.0512642 0.308124
0 0.261266 0.532717 0.0138673 0.0506488 0.281959
0 0.857203 0.509467 0.0181507 0.0581062 0.262765
0 0.591241 0.488411 0.0135569 0.0469234 0.25814
