0 0.872372 0.395681 0.0297199 0.0671653 0.554112
0 0.7079 0.977405 0.027319 0.0441927 0.541004
0 0.779445 0.468639 0.0252308 0.067169 0.522194
0 0.217173 0.65189 0.0351055 0.0807891 0.50608
0 0.250693 0.545589 0.0316752 0.071739 0.502292
0 0.442466 0.393719 0.0258483 0.0567529 0.490652
0 0.604456 0.407585 0.0198098 0.0553987 0.436922
0 0.680318 0.979177 0.0230406 0.041032 0.411439
0 0.858703 0.280636 0.0160229 0.0469028 0.385334
0 0.394912 0.39555 0.0243374 0.0595751 0.382898
0 0.82784 0.344971 0.0222561 0.0473718 0.378808
0 0.872684 0.409278 0.0306889 0.0936928 0.365831
0 0.510669 0.316571 0.0168873 0.0508521 0.344965
0 0.673579 0.412094 0.0160606 0.0626539 0.332213
0 0.531666 0.506198 0.0178926 0.0498116 0.297154
0 0.993492 0.49846 0.01229 0.077382 0.285292
0 0.346463 0.490868 0.0198083 0.0712309 0.268056
