0 0.144264 0.475205 0.0164675 0.0512934 0.609984
0 0.639449 0.509969 0.0151176 0.0540024 0.516338
0 0.607688 0.518516 0.0170799 0.0507608 0.484781
0 0.685562 0.679992 0.019201 0.0649639 0.447804
0 0.38485 0.447689 0.0182872 0.0543495 0.430772
0 0.323345 0.510651 0.0184665 0.0500841 0.403916
0 0.545329 0.459707 0.010676 0.0357824 0.396768
0 0.285347 0.549974 0.0164926 0.0554033 0.377052
0 0.976124 0.703074 0.0232899 0.0709256 0.345573
12 0.189015 0.888798 0.0575111 0.115953 0.294586
0 0.307445 0.43132 0.0138867 0.0307224 0.261922
