0 0.684753 0.494073 0.0321826 0.101642 0.688166
0 0.598426 0.403104 0.0212337 0.0798708 0.67337
0 0.561004 0.39038 0.0236085 0.0682798 0.663366
0 0.186027 0.414616 0.0260008 0.0762225 0.613184
0 0.285404 0.513358 0.0314506 0.0846117 0.581626
0 0.486654 0.464859 0.0230263 0.079101 0.550835
0 0.855984 0.419603 0.0174959 0.0875734 0.530919
0 0.962633 0.355484 0.0299454 0.0826341 0.42345
0 0.521909 0.348021 0.0152401 0.0556705 0.398446
14 0.350385 0.330418 0.0254743 0.0800515 0.308701
0 0.500417 0.293402 0.0182167 0.0544393 0.285139
