0 0.135296 0.604793 0.206027 0.4724 0.916523
0 0.308064 0.609265 0.128898 0.490551 0.882791
0 0.79618 0.633517 0.228008 0.427196 0.85419
0 0.458333 0.641625 0.0928093 0.313516 0.819451
32 0.437911 0.707214 0.0344896 0.0380924 0.662648
0 0.606737 0.64441 0.0374667 0.0957155 0.500816
0 0.937339 0.482924 0.0403763 0.173062 0.471411
0 0.707964 0.633655 0.0514191 0.109094 0.403448
0 0.977992 0.47641 0.0435724 0.180332 0.356179
0 0.513542 0.650501 0.0257244 0.0780653 0.336578
32 0.358523 0.574072 0.0204535 0.024085 0.309976
