0 0.383846 0.708196 0.0278948 0.0885798 0.659561
0 0.867291 0.584075 0.0171219 0.0491208 0.650886
0 0.633001 0.56909 0.0242237 0.0533457 0.642872
0 0.756593 0.537601 0.0177927 0.0481792 0.638483
0 0.233314 0.587053 0.0233311 0.0634901 0.635892
0 0.730273 0.732754 0.027713 0.0813174 0.591398
0 0.857604 0.519413 0.0108572 0.0352922 0.547687
0 0.502559 0.551807 0.0190501 0.0663891 0.539739
0 0.175419 0.531772 0.0192201 0.0451262 0.480978
0 0.226765 0.497569 0.0211586 0.0453661 0.442922
38 0.022925 0.85498 0.045743 0.226249 0.431774
0 0.879869 0.542721 0.0136696 0.0413418 0.421188
0 0.682541 0.527821 0.0153456 0.0413074 0.409255
0 0.659748 0.522028 0.0160524 0.0438557 0.37795
0 0.396021 0.520383 0.0217889 0.0390499 0.371908
0 0.308473 0.471019 0.0139503 0.0328468 0.328293
0 0.582671 0.527947 0.0135682 0.0355949 0.324218
0 0.415273 0.513415 0.0131231 0.0393973 0.297643
0 0.352804 0.478006 0.0172065 0.0339165 0.295519
