0 0.280983 0.578671 0.120082 0.63101 0.828835
0 0.397749 0.725122 0.172626 0.444298 0.797199
0 0.014278 0.529424 0.0284798 0.215648 0.766954
0 0.593657 0.522652 0.132202 0.408821 0.752884
0 0.364887 0.443725 0.0973599 0.322615 0.739052
0 0.459263 0.425258 0.114631 0.317544 0.729114
0 0.642627 0.682429 0.118776 0.394379 0.690036
0 0.517318 0.688529 0.135172 0.416847 0.685519
0 0.673007 0.515418 0.157436 0.439655 0.608854
0 0.0899167 0.530027 0.0297317 0.112631 0.55059
0 0.100504 0.555093 0.0277131 0.0663407 0.463901
0 0.0992905 0.539798 0.0294269 0.0967835 0.376261
0 0.471276 0.447462 0.0873201 0.257498 0.259976
