0 0.950282 0.631667 0.0988064 0.679143 0.862966
0 0.368371 0.520446 0.114962 0.344668 0.856407
0 0.11928 0.607797 0.147643 0.447866 0.824028
0 0.522173 0.107375 0.0563592 0.198384 0.772257
0 0.798542 0.21186 0.0678995 0.17362 0.656186
0 0.546751 0.268966 0.0553259 0.0866844 0.604012
0 0.473441 0.27972 0.0635582 0.0757485 0.581291
0 0.587456 0.34393 0.0521439 0.224405 0.5471
0 0.474034 0.35342 0.0662722 0.224004 0.534216
0 0.0464506 0.559057 0.0897555 0.30033 0.49601
0 0.54626 0.345234 0.057922 0.236584 0.396324
0 0.766888 0.252124 0.0657313 0.106979 0.369335
0 0.766653 0.321853 0.0719502 0.244385 0.354105
0 0.0462814 0.495059 0.0864019 0.170876 0.308577
0 0.754706 0.330608 0.100176 0.264072 0.293809
32 0.411781 0.361768 0.0256696 0.0324123 0.290662
0 0.0614283 0.460769 0.0587835 0.101276 0.263449
0 0.586829 0.272018 0.0493585 0.0795775 0.263007
