0 0.716552 0.583613 0.237364 0.516989 0.897439
0 0.823513 0.388156 0.125862 0.316487 0.862373
0 0.0572017 0.409688 0.103172 0.33955 0.856469
0 0.919333 0.367261 0.0800495 0.267004 0.796655
0 0.150663 0.515916 0.140645 0.530376 0.752791
0 0.309415 0.582803 0.154561 0.448886 0.71806
0 0.181202 0.515763 0.183692 0.524275 0.56479
0 0.645091 0.306372 0.0553515 0.139097 0.54846
0 0.738263 0.354414 0.0448639 0.115782 0.495265
0 0.285099 0.332402 0.0813026 0.129433 0.451264
0 0.495195 0.320116 0.0354754 0.110175 0.378681
0 0.53873 0.349411 0.0297892 0.0789478 0.256077
