0 0.0736079 0.699929 0.147216 0.490074 0.913603
32 0.616653 0.668532 0.0693663 0.0989914 0.907515
0 0.376819 0.635083 0.230173 0.665796 0.883958
0 0.191608 0.686461 0.157013 0.518627 0.824394
0 0.908987 0.277425 0.0766073 0.0814032 0.796803
0 0.687078 0.61614 0.184068 0.684061 0.773072
0 0.905702 0.764114 0.110141 0.386846 0.767416
0 0.307057 0.764648 0.0958363 0.352064 0.744487
0 0.603024 0.274089 0.0640076 0.0951574 0.72432
0 0.500145 0.769995 0.106006 0.363391 0.702373
0 0.809062 0.785162 0.11394 0.34411 0.678185
0 0.776493 0.786786 0.178366 0.352013 0.595
0 0.588984 0.70271 0.0901958 0.492831 0.576766
