32 0.574225 0.742721 0.0474115 0.0660625 0.912173
0 0.49799 0.531502 0.163868 0.486443 0.887781
0 0.34309 0.29687 0.131462 0.455967 0.882793
0 0.575698 0.332249 0.102873 0.446551 0.831414
0 0.672387 0.134377 0.113817 0.268663 0.757375
32 0.8632 0.416482 0.0298519 0.0196365 0.652579
32 0.166823 0.287395 0.0283605 0.0177408 0.603242
32 0.235914 0.860225 0.0447054 0.0254452 0.526233
0 0.925584 0.154888 0.0828037 0.199045 0.50074
0 0.525806 0.0394856 0.0654512 0.0789712 0.419355
32 0.973492 0.282852 0.0249962 0.0167839 0.402711
0 0.301369 0.0239365 0.0660877 0.047522 0.38453
0 0.862118 0.132392 0.0731485 0.244274 0.266727
