0 0.156488 0.57736 0.0570847 0.218254 0.733522
0 0.107676 0.575253 0.0519071 0.225989 0.716801
0 0.057505 0.570845 0.0551216 0.236062 0.71334
0 0.574481 0.557989 0.0468661 0.206623 0.693029
0 0.849434 0.550681 0.0484715 0.187886 0.669965
0 0.627016 0.550818 0.0439123 0.212901 0.616175
0 0.430757 0.56265 0.0504923 0.220605 0.607392
0 0.49071 0.556062 0.058466 0.215938 0.59892
0 0.670504 0.547206 0.0457842 0.210202 0.565496
0 0.0147107 0.577263 0.0292875 0.233086 0.54457
0 0.531466 0.557355 0.0462664 0.211551 0.542666
0 0.209242 0.567959 0.0518429 0.232188 0.542589
0 0.287277 0.543216 0.0451848 0.176125 0.541136
0 0.338713 0.526365 0.0508704 0.160752 0.521812
0 0.922099 0.542427 0.04188 0.190026 0.519769
0 0.713407 0.552099 0.0502074 0.200208 0.507083
0 0.884021 0.540078 0.045355 0.203825 0.465377
0 0.246011 0.539015 0.0409054 0.179314 0.456894
0 0.963599 0.542208 0.0406687 0.186826 0.442409
0 0.286994 0.566962 0.0502117 0.226702 0.435822
0 0.339849 0.560482 0.0536085 0.224474 0.432986
0 0.391306 0.570382 0.0509736 0.212968 0.409557
0 0.781762 0.548759 0.0521809 0.199633 0.349908
0 0.391099 0.537666 0.0477729 0.147867 0.319566
0 0.744495 0.552114 0.0364006 0.200976 0.280172
0 0.799942 0.547341 0.0372033 0.196424 0.274377
