32 0.230669 0.60381 0.0222796 0.025129 0.85619
0 0.416196 0.460787 0.0694016 0.19294 0.841807
0 0.493469 0.4769 0.0791005 0.195795 0.835657
0 0.115632 0.511466 0.0478942 0.182007 0.821405
0 0.583323 0.357086 0.0388524 0.124578 0.818921
0 0.793648 0.536788 0.0530954 0.189853 0.784005
0 0.701087 0.389395 0.0373068 0.13287 0.680637
0 0.941475 0.444739 0.049773 0.169872 0.638812
0 0.899357 0.402963 0.0354179 0.152182 0.609839
0 0.365706 0.269213 0.0237218 0.0735915 0.587421
0 0.854708 0.453148 0.0527424 0.165306 0.583104
0 0.522953 0.123651 0.0178926 0.0507832 0.502527
0 0.697445 0.263069 0.0216622 0.0740601 0.459975
0 0.44996 0.132705 0.0198125 0.0437259 0.3848
0 0.613038 0.124454 0.019207 0.0666986 0.377163
0 0.643465 0.127296 0.0225046 0.0708005 0.349885
0 0.814635 0.424462 0.0340933 0.132442 0.341962
0 0.554064 0.124127 0.0190748 0.0502319 0.268337
0 0.337424 0.165525 0.0259931 0.0676059 0.267438
