32 0.244439 0.67971 0.0832913 0.123958 0.932582
0 0.348179 0.502543 0.396926 0.800248 0.874475
0 0.628762 0.484937 0.259375 0.806152 0.833069
0 0.0420192 0.597842 0.0839468 0.178079 0.791005
32 0.573047 0.618292 0.0510854 0.0655512 0.75781
0 0.211888 0.593936 0.178196 0.190191 0.660867
0 0.898525 0.231282 0.139518 0.206281 0.654443
56 0.248519 0.139277 0.0836595 0.126596 0.601619
0 0.957007 0.161812 0.0855007 0.29119 0.547256
0 0.421865 0.113805 0.0724526 0.131911 0.539862
0 0.6874 0.18927 0.124781 0.2827 0.529482
56 0.877654 0.414967 0.0904896 0.118242 0.339082
0 0.495401 0.211831 0.0505392 0.0919897 0.331454
56 0.0640988 0.281726 0.0830664 0.0758725 0.311579
56 0.337022 0.128928 0.0846167 0.107746 0.285698
56 0.786371 0.285961 0.083201 0.105147 0.267879
