0 0.928502 0.856785 0.0626472 0.158493 0.841345
0 0.0664552 0.777763 0.0808894 0.15481 0.836082
0 0.476719 0.778499 0.0601281 0.164546 0.814415
0 0.336359 0.789247 0.0608694 0.162041 0.782625
0 0.275588 0.7998 0.0553077 0.203128 0.772355
0 0.138295 0.745478 0.034565 0.12496 0.764432
0 0.745991 0.714479 0.0200416 0.062669 0.486764
0 0.682765 0.714682 0.020926 0.0395164 0.467547
0 0.879665 0.720182 0.0222239 0.0617655 0.408175
0 0.84723 0.720151 0.0182123 0.0537914 0.395655
0 0.826398 0.722807 0.0211611 0.0562065 0.326629
0 0.661442 0.711724 0.0173849 0.0413713 0.293785
0 0.704469 0.716727 0.019585 0.0313796 0.290409
33 0.273291 0.325523 0.0141908 0.0236253 0.280015
