0 0.280692 0.76891 0.0970752 0.326956 0.878897
0 0.203972 0.682411 0.094962 0.259966 0.824858
0 0.426797 0.499044 0.124692 0.275733 0.81029
0 0.94555 0.569159 0.0647373 0.278031 0.79472
0 0.562131 0.532017 0.0763031 0.248768 0.765362
0 0.820646 0.488984 0.10469 0.267787 0.759819
0 0.170511 0.495467 0.0696868 0.272947 0.740306
0 0.245623 0.473822 0.102194 0.322489 0.729435
0 0.62088 0.525506 0.0877835 0.249983 0.7023
0 0.721458 0.55636 0.127027 0.30479 0.688355
0 0.379704 0.432599 0.0818845 0.196647 0.588339
0 0.909543 0.461144 0.0541298 0.110587 0.411751
0 0.318554 0.518797 0.0661305 0.285481 0.354463
0 0.86676 0.369946 0.065531 0.095438 0.289178
