0 0.626386 0.500082 0.122078 0.55663 0.870297
0 0.214945 0.500429 0.13322 0.352493 0.850253
0 0.726475 0.481702 0.103128 0.583655 0.847145
0 0.46282 0.397911 0.0611471 0.162041 0.658527
32 0.185947 0.598442 0.0474009 0.0578124 0.600606
0 0.204699 0.309081 0.056355 0.113226 0.572734
0 0.979764 0.28273 0.0400473 0.122455 0.560845
0 0.520193 0.399125 0.0602841 0.144001 0.543218
0 0.862228 0.365935 0.0427393 0.144277 0.481136
0 0.906074 0.360743 0.0437439 0.140673 0.36413
0 0.329077 0.369358 0.0394183 0.0906961 0.340674
25 0.385642 0.272511 0.379784 0.404051 0.326386
0 0.010317 0.423576 0.0205195 0.187474 0.316262
0 0.285044 0.412532 0.0491981 0.149475 0.254927
