0 0.762295 0.618935 0.199716 0.214938 0.894996
0 0.202246 0.599671 0.113651 0.170835 0.88241
0 0.519997 0.940826 0.153125 0.117768 0.779302
0 0.816351 0.956181 0.116775 0.0865341 0.712431
0 0.690642 0.914407 0.120821 0.170508 0.641254
0 0.330243 0.906022 0.188846 0.18722 0.591769
0 0.172219 0.906375 0.199391 0.1863 0.575446
0 0.923696 0.935936 0.13213 0.12771 0.533495
0 0.386352 0.519637 0.0370197 0.0586069 0.50986
0 0.631602 0.527432 0.0559708 0.0819853 0.412142
32 0.166814 0.701497 0.02982 0.0388906 0.384544
0 0.451768 0.530804 0.0390409 0.0712612 0.3653
0 0.424791 0.52012 0.0242323 0.0603025 0.297565
0 0.544125 0.528526 0.0472745 0.0842815 0.276058
0 0.753799 0.957261 0.0631907 0.0849033 0.268978
0 0.540006 0.521843 0.0398867 0.0727907 0.264834
0 0.486248 0.857595 0.0810032 0.0714294 0.261627
0 0.613052 0.523248 0.0253869 0.0709865 0.255628
