0 0.436841 0.658456 0.113244 0.413404 0.855736
0 0.215216 0.345809 0.104816 0.301211 0.850551
0 0.362322 0.524714 0.0965138 0.348039 0.844477
0 0.501255 0.502281 0.0785196 0.359215 0.801565
0 0.811024 0.529148 0.0581085 0.376539 0.75168
0 0.968913 0.39239 0.061652 0.335815 0.7229
0 0.68813 0.203751 0.0861934 0.112022 0.639564
0 0.978361 0.394473 0.0428068 0.327212 0.516118
0 0.790312 0.112341 0.0588736 0.100141 0.329302
0 0.366717 0.117494 0.0519576 0.0708987 0.295757
0 0.296864 0.183244 0.0393038 0.120923 0.263896
32 0.410331 0.669902 0.0219954 0.038338 0.262022
