0 0.218433 0.521463 0.188694 0.512033 0.857856
0 0.302669 0.512628 0.13629 0.554452 0.813324
32 0.300329 0.198597 0.0491399 0.0707511 0.774062
0 0.532998 0.545298 0.186874 0.49917 0.762092
0 0.443276 0.566065 0.192974 0.565155 0.75989
0 0.840391 0.468972 0.117774 0.364612 0.684209
0 0.647382 0.525088 0.117127 0.484487 0.650024
0 0.918623 0.453879 0.104193 0.308779 0.633366
0 0.801885 0.391938 0.0597687 0.223038 0.499409
0 0.416126 0.41458 0.0770973 0.264752 0.430718
32 0.116906 0.409688 0.0154459 0.0186758 0.393824
0 0.706128 0.497523 0.0890268 0.477678 0.386557
0 0.974862 0.442216 0.0497505 0.368051 0.373282
0 0.85202 0.431359 0.0976017 0.285951 0.342188
0 0.560008 0.537678 0.132725 0.450815 0.266966
