0 0.189872 0.68918 0.224787 0.393568 0.87658
0 0.746613 0.749968 0.288643 0.405349 0.801862
0 0.441173 0.690704 0.263328 0.404121 0.791188
0 0.873938 0.735748 0.14806 0.35751 0.744109
0 0.590262 0.630755 0.125678 0.495302 0.61763
0 0.695133 0.728154 0.223418 0.408932 0.616239
0 0.331833 0.691906 0.212101 0.394699 0.592353
0 0.320035 0.475657 0.0992172 0.139696 0.488574
35 0.533837 0.418256 0.0644743 0.0765194 0.35982
0 0.870151 0.392015 0.117238 0.13411 0.310033
0 0.775294 0.402766 0.0868851 0.121218 0.269458
0 0.488268 0.687526 0.171896 0.401166 0.268894
0 0.812932 0.7383 0.27025 0.367163 0.253954
