0 0.590367 0.556375 0.555576 0.701127 0.909945
0 0.232972 0.448366 0.0811528 0.116045 0.830474
0 0.706667 0.333011 0.0582729 0.225655 0.829229
0 0.765071 0.339731 0.0594697 0.222541 0.793616
0 0.913239 0.391404 0.0894304 0.396733 0.746716
0 0.0984612 0.339083 0.0685885 0.332388 0.689029
0 0.82891 0.333651 0.0489727 0.219514 0.564853
0 0.190472 0.303457 0.0930869 0.265194 0.33884
0 0.185608 0.337743 0.115793 0.337712 0.335012
0 0.862684 0.35172 0.0512753 0.19934 0.332728
0 0.972558 0.348708 0.0540545 0.209956 0.27145
25 0.0398559 0.160411 0.0790742 0.0262076 0.262556
