0 0.336418 0.464192 0.113033 0.571053 0.849423
0 0.522282 0.470986 0.103106 0.564828 0.814026
0 0.976469 0.440101 0.0383511 0.110945 0.8096
32 0.618569 0.810175 0.131482 0.0947597 0.739492
0 0.432127 0.457603 0.0942821 0.590763 0.717814
0 0.921894 0.433093 0.0289455 0.101794 0.669156
0 0.826235 0.428392 0.0366264 0.0933819 0.658995
0 0.748343 0.428201 0.0153721 0.0465844 0.49775
0 0.886696 0.430264 0.0224184 0.0922635 0.490582
32 0.579718 0.81829 0.0248461 0.0351009 0.387982
32 0.181475 0.830981 0.0328739 0.0452141 0.38151
32 0.597956 0.832057 0.0313345 0.044768 0.335454
35 0.41775 0.850484 0.080865 0.106902 0.322668
32 0.231855 0.80571 0.133975 0.108057 0.315837
29 0.331769 0.365654 0.0406931 0.0643205 0.288401
0 0.848015 0.426699 0.0171391 0.0643956 0.283513
0 0.629646 0.417677 0.0146658 0.0598269 0.26777
32 0.37994 0.82478 0.0226475 0.0298103 0.266292
0 0.618574 0.422124 0.0157021 0.0517087 0.259342
