0 0.821978 0.616381 0.331332 0.394649 0.871309
0 0.422812 0.732509 0.168545 0.40647 0.862209
0 0.238771 0.690999 0.215646 0.393742 0.860708
0 0.442033 0.440373 0.177344 0.397754 0.827737
0 0.572476 0.660716 0.197186 0.366904 0.762123
0 0.153279 0.624202 0.153098 0.370438 0.672372
0 0.760174 0.533294 0.120826 0.329408 0.64242
0 0.637376 0.490988 0.123642 0.326769 0.602262
0 0.322164 0.484823 0.0924107 0.220651 0.510404
24 0.58594 0.70983 0.166495 0.269353 0.443993
0 0.13699 0.51147 0.110755 0.265522 0.361523
32 0.987721 0.881137 0.0235632 0.0498665 0.281021
