0 0.429537 0.885183 0.0804037 0.132504 0.790538
0 0.351153 0.874611 0.0783742 0.1195 0.781587
0 0.509913 0.911607 0.0771462 0.0993946 0.770866
0 0.750668 0.600146 0.0243013 0.0676979 0.724281
0 0.767613 0.932964 0.075564 0.118412 0.723468
0 0.963262 0.601892 0.0291924 0.064999 0.715033
0 0.428398 0.676089 0.0242572 0.105897 0.670069
0 0.0670946 0.607856 0.0221495 0.084211 0.631978
0 0.285138 0.516378 0.0188776 0.0536291 0.609383
0 0.122011 0.50083 0.0205738 0.0767167 0.567658
0 0.179362 0.532264 0.0162638 0.054568 0.548746
0 0.696924 0.928389 0.0779164 0.0897282 0.544708
0 0.0932219 0.504603 0.018446 0.0532563 0.50718
0 0.410665 0.49436 0.015361 0.0388054 0.450113
0 0.0438342 0.481252 0.0155089 0.0502085 0.434194
0 0.432225 0.458047 0.0127161 0.0278426 0.430792
0 0.981375 0.97187 0.0364147 0.0559856 0.42651
0 0.258444 0.445709 0.00848227 0.0271224 0.396493
0 0.970579 0.515691 0.0150919 0.04133 0.346232
0 0.70661 0.835928 0.0401094 0.111073 0.30367
0 0.0957882 0.439509 0.0118433 0.0256334 0.267271
0 0.166825 0.49149 0.013859 0.0404202 0.265918
