0 0.370455 0.63304 0.0862445 0.393259 0.8151
0 0.903375 0.591956 0.0932369 0.391177 0.809089
0 0.31025 0.551239 0.0791715 0.327993 0.730948
0 0.976027 0.489666 0.0458694 0.105863 0.692527
0 0.517951 0.584639 0.103894 0.300937 0.612759
0 0.707238 0.567896 0.06423 0.287632 0.611484
0 0.629132 0.568003 0.0795145 0.313206 0.594263
0 0.824155 0.48994 0.0479729 0.118181 0.566754
0 0.161132 0.524125 0.0424102 0.149768 0.476876
0 0.458378 0.556455 0.0532743 0.199694 0.466287
0 0.684854 0.572692 0.10778 0.296153 0.455162
0 0.792718 0.504897 0.0382671 0.0986649 0.36078
0 0.108929 0.540363 0.0802137 0.125403 0.298291
0 0.540765 0.588813 0.0844992 0.287975 0.291979
0 0.0481218 0.543764 0.0461995 0.130954 0.278693
0 0.268464 0.585407 0.042735 0.255915 0.265902
