0 0.62312 0.578485 0.59882 0.715612 0.839275
0 0.332998 0.586458 0.259584 0.60709 0.813854
0 0.0834704 0.450625 0.160581 0.628628 0.807546
0 0.489883 0.290728 0.0956629 0.185231 0.538648
0 0.974146 0.150072 0.0506519 0.169672 0.471633
0 0.0385212 0.132848 0.0730658 0.201738 0.402635
0 0.35937 0.149323 0.112584 0.257241 0.400775
0 0.462816 0.130959 0.078401 0.173042 0.368506
0 0.271627 0.162612 0.0994562 0.227677 0.357914
56 0.50769 0.45004 0.0849334 0.153796 0.298837
0 0.753982 0.275081 0.095277 0.204224 0.27453
