0 0.071875 0.82890625 0.0203125 0.0625
0 0.14375 0.8640625 0.0171875 0.06875
0 0.1484375 0.80234375 0.0203125 0.053125
0 0.1984375 0.7984375 0.025 0.0546875
0 0.19765625 0.8234375 0.0125 0.05
0 0.2921875 0.815625 0.0265625 0.053125
0 0.30234375 0.871875 0.046875 0.0671875
0 0.31171875 0.796875 0.0203125 0.0421875
0 0.378125 0.915625 0.0609375 0.075
0 0.41015625 0.80078125 0.0390625 0.0671875
0 0.4421875 0.81484375 0.0484375 0.0671875
0 0.45 0.77109375 0.0265625 0.05625
0 0.51796875 0.790625 0.0390625 0.065625
0 0.53125 0.8046875 0.040625 0.0578125
0 0.63046875 0.7765625 0.04375 0.0515625
0 0.7109375 0.5703125 0.046875 0.0578125
0 0.82109375 0.91484375 0.046875 0.08125