0 0.05 0.7984375 0.025 0.0625
0 0.11953125 0.83828125 0.021875 0.0703125
0 0.128125 0.77734375 0.0234375 0.0546875
0 0.178125 0.7765625 0.028125 0.0546875
0 0.17578125 0.8015625 0.015625 0.05
0 0.2703125 0.8 0.0296875 0.0546875
0 0.2765625 0.85703125 0.05 0.0703125
0 0.29140625 0.7828125 0.0234375 0.04375
0 0.34921875 0.90625 0.065625 0.0796875
0 0.3890625 0.79375 0.0421875 0.0703125
0 0.4203125 0.81015625 0.0515625 0.0703125
0 0.43125 0.7671875 0.0296875 0.0578125
0 0.49765625 0.79140625 0.0421875 0.06875
0 0.51015625 0.80625 0.04375 0.059375
0 0.6109375 0.78515625 0.046875 0.0546875
0 0.70546875 0.58515625 0.05 0.0609375
0 0.79140625 0.9359375 0.053125 0.0828125