0 0.03984375 0.78203125 0.0265625 0.0640625
0 0.1078125 0.825 0.025 0.0703125
0 0.11875 0.7640625 0.025 0.0546875
0 0.16875 0.765625 0.0296875 0.05625
0 0.165625 0.78984375 0.0171875 0.05
0 0.26015625 0.7921875 0.03125 0.05625
0 0.26484375 0.84921875 0.053125 0.071875
0 0.28203125 0.77578125 0.025 0.04375
0 0.33515625 0.90078125 0.06875 0.08125
0 0.37890625 0.78984375 0.0453125 0.0703125
0 0.409375 0.80703125 0.0546875 0.0703125
0 0.421875 0.7640625 0.03125 0.0578125
0 0.4875 0.790625 0.0453125 0.06875
0 0.49921875 0.80625 0.0453125 0.0609375
0 0.60078125 0.7890625 0.0484375 0.05625
0 0.70234375 0.5921875 0.0515625 0.0625
0 0.77578125 0.94609375 0.0546875 0.084375