1 0.128125 0.66640625 0.0375 0.090625
1 0.134375 0.590625 0.021875 0.0796875
1 0.22265625 0.5703125 0.0265625 0.1046875
1 0.21015625 0.56875 0.0171875 0.0734375
1 0.253125 0.5265625 0.0296875 0.0796875
1 0.30703125 0.5765625 0.025 0.0859375
1 0.40703125 0.52890625 0.0296875 0.0859375
1 0.45859375 0.66875 0.0453125 0.1078125
1 0.58671875 0.5703125 0.0296875 0.0828125
1 0.628125 0.56796875 0.0234375 0.0640625
1 0.6625 0.75 0.0328125 0.1203125
1 0.76171875 0.665625 0.028125 0.10625
1 0.7796875 0.615625 0.034375 0.1078125
1 0.85546875 0.5390625 0.021875 0.0796875
1 0.878125 0.52734375 0.0296875 0.0890625
1 0.89375 0.72890625 0.04375 0.1265625