1 0.04921875 0.42109375 0.046875 0.14375
1 0.18671875 0.3703125 0.0484375 0.10625
1 0.21875 0.44921875 0.0578125 0.1328125
1 0.37109375 0.36328125 0.040625 0.0953125
1 0.37109375 0.4453125 0.0421875 0.1109375
1 0.46953125 0.42578125 0.0359375 0.0890625
0 0.38359375 0.5796875 0.0171875 0.025
1 0.5203125 0.51875 0.0453125 0.134375
1 0.4015625 0.50703125 0.0421875 0.1078125
1 0.41328125 0.5421875 0.0484375 0.1078125
1 0.60546875 0.70390625 0.0625 0.13125
1 0.65546875 0.7109375 0.0578125 0.1421875
1 0.7546875 0.61484375 0.05 0.1328125
1 0.82890625 0.54921875 0.0453125 0.1
1 0.93828125 0.528125 0.0390625 0.096875
1 0.90703125 0.66171875 0.0484375 0.1203125