1 0.11484375 0.63359375 0.0359375 0.090625
1 0.128125 0.5578125 0.0203125 0.078125
1 0.21796875 0.5453125 0.025 0.103125
1 0.20546875 0.54296875 0.015625 0.0734375
1 0.25234375 0.5046875 0.028125 0.0796875
1 0.30078125 0.559375 0.0234375 0.084375
1 0.4046875 0.52109375 0.028125 0.0859375
1 0.44453125 0.66484375 0.0421875 0.1078125
1 0.58046875 0.578125 0.028125 0.0828125
1 0.621875 0.578125 0.021875 0.0625
1 0.63984375 0.7625 0.03125 0.1203125
1 0.74609375 0.6875 0.025 0.10625
1 0.76875 0.63984375 0.03125 0.1078125
1 0.85078125 0.5703125 0.0203125 0.078125
1 0.875 0.56015625 0.028125 0.0890625
1 0.87265625 0.7625 0.040625 0.125