1 0.07734375 0.35390625 0.053125 0.146875
1 0.10703125 0.3609375 0.0515625 0.1265625
1 0.278125 0.47578125 0.0484375 0.1203125
1 0.3328125 0.39609375 0.0453125 0.1109375
1 0.36171875 0.4421875 0.046875 0.1421875
1 0.44921875 0.4484375 0.04375 0.125
1 0.51015625 0.47890625 0.05 0.1375
1 0.60703125 0.4765625 0.0546875 0.13125
1 0.67890625 0.5421875 0.04375 0.121875
1 0.62265625 0.6078125 0.053125 0.1359375
1 0.18828125 0.76953125 0.0796875 0.1765625
0 0.4546875 0.5078125 0.0140625 0.0203125
1 0.54609375 0.58125 0.0546875 0.1359375
1 0.58671875 0.3609375 0.0421875 0.1015625