1 0.05390625 0.60390625 0.0484375 0.14375
1 0.1609375 0.503125 0.05 0.10625
1 0.22109375 0.56328125 0.059375 0.1328125
1 0.328125 0.425 0.0421875 0.0953125
1 0.36015625 0.5 0.04375 0.1109375
1 0.44296875 0.44375 0.0375 0.0890625
0 0.42421875 0.61953125 0.0171875 0.025
1 0.52578125 0.509375 0.046875 0.134375
1 0.4125 0.5453125 0.04375 0.1078125
1 0.43671875 0.57265625 0.05 0.1078125
1 0.6765625 0.646875 0.065625 0.1328125
1 0.72578125 0.63359375 0.059375 0.1421875
1 0.77890625 0.50625 0.0515625 0.1328125
1 0.821875 0.4171875 0.046875 0.1
1 0.9140625 0.3546875 0.040625 0.096875
1 0.93828125 0.48984375 0.0515625 0.1203125