1 0.08515625 0.67578125 0.065625 0.171875
1 0.20546875 0.82265625 0.084375 0.1890625
1 0.409375 0.57265625 0.0640625 0.159375
1 0.36484375 0.4890625 0.0578125 0.1203125
1 0.37578125 0.421875 0.0453125 0.121875
1 0.4171875 0.35078125 0.040625 0.1140625
1 0.4328125 0.47890625 0.046875 0.1265625
1 0.51328125 0.39296875 0.046875 0.1234375
1 0.57734375 0.4578125 0.0515625 0.109375
1 0.6359375 0.38046875 0.0484375 0.1265625
1 0.67265625 0.55859375 0.0640625 0.1734375
1 0.67109375 0.43671875 0.0484375 0.128125
1 0.78203125 0.28828125 0.040625 0.1265625
1 0.73515625 0.2046875 0.0296875 0.084375
1 0.98359375 0.47734375 0.0328125 0.1453125
0 0.640625 0.47734375 0.015625 0.0296875