1 0.05390625 0.4765625 0.04375 0.1453125
1 0.084375 0.47421875 0.04375 0.1265625
1 0.28046875 0.53828125 0.040625 0.1203125
1 0.31015625 0.44609375 0.0390625 0.1109375
1 0.3515625 0.4828125 0.0375 0.1421875
1 0.43671875 0.4640625 0.0359375 0.125
1 0.50390625 0.4765625 0.040625 0.1375
1 0.596875 0.4484375 0.046875 0.13125
1 0.68359375 0.490625 0.034375 0.121875
1 0.64765625 0.5703125 0.0453125 0.1359375
1 0.275 0.8453125 0.0671875 0.175
0 0.45859375 0.5203125 0.0125 0.0203125
1 0.56640625 0.565625 0.046875 0.134375
1 0.54453125 0.34296875 0.0359375 0.1015625